Period,Principal,Interest,Recoveries,Total,Balance
1.0,309835.8,392819.11,0.0,702654.9,28044538.52
2.0,314102.56,388552.34,0.0,702654.9,27730435.96
3.0,318428.86,384226.05,0.0,702654.9,27412007.1
4.0,322815.51,379839.39,0.0,702654.9,27089191.59
5.0,327263.39,375391.52,0.0,702654.9,26761928.2
6.0,331773.34,370881.56,0.0,702654.9,26430154.86
7.0,336346.26,366308.64,0.0,702654.9,26093808.6
8.0,340983.03,361671.88,0.0,702654.9,25752825.57
9.0,345684.55,356970.36,0.0,702654.9,25407141.02
10.0,350451.74,352203.17,0.0,702654.9,25056689.29
11.0,355285.52,347369.38,0.0,702654.9,24701403.77
12.0,360186.84,342468.06,0.0,702654.9,24341216.92
13.0,365156.66,337498.24,0.0,702654.9,23976060.26
14.0,370195.95,332458.96,0.0,702654.9,23605864.31
15.0,375305.68,327349.23,0.0,702654.9,23230558.64
16.0,380486.85,322168.06,0.0,702654.9,22850071.79
17.0,385740.48,316914.43,0.0,702654.9,22464331.31
18.0,391067.59,311587.32,0.0,702654.9,22073263.72
19.0,396469.22,306185.68,0.0,702654.9,21676794.5
20.0,401946.43,300708.48,0.0,702654.9,21274848.07
21.0,407500.29,295154.62,0.0,702654.9,20867347.78
22.0,413131.88,289523.03,0.0,702654.9,20454215.91
23.0,418842.3,283812.6,0.0,702654.9,20035373.6
24.0,424632.68,278022.22,0.0,702654.9,19610740.92
25.0,430504.15,272150.76,0.0,702654.9,19180236.77
26.0,436457.85,266197.05,0.0,702654.9,18743778.92
27.0,442494.95,260159.95,0.0,702654.9,18301283.96
28.0,448616.64,254038.26,0.0,702654.9,17852667.32
29.0,454824.12,247830.79,0.0,702654.9,17397843.21
30.0,461118.59,241536.31,0.0,702654.9,16936724.62
31.0,467501.3,235153.6,0.0,702654.9,16469223.32
32.0,473973.5,228681.4,0.0,702654.9,15995249.82
33.0,480536.46,222118.45,0.0,702654.9,15514713.36
34.0,487191.46,215463.44,0.0,702654.9,15027521.9
35.0,493939.82,208715.08,0.0,702654.9,14533582.08
36.0,500782.86,201872.04,0.0,702654.9,14032799.22
37.0,507721.92,194932.98,0.0,702654.9,13525077.29
38.0,514758.38,187896.53,0.0,702654.9,13010318.92
39.0,521893.6,180761.3,0.0,702654.9,12488425.32
40.0,529129.0,173525.9,0.0,702654.9,11959296.32
41.0,536466.0,166188.9,0.0,702654.9,11422830.32
42.0,543906.05,158748.86,0.0,702654.9,10878924.27
43.0,551450.6,151204.31,0.0,702654.9,10327473.67
44.0,559101.15,143553.76,0.0,702654.9,9768372.52
45.0,566859.2,135795.7,0.0,702654.9,9201513.32
46.0,574726.29,127928.62,0.0,702654.9,8626787.04
47.0,582703.95,119950.95,0.0,702654.9,8044083.09
48.0,590793.78,111861.13,0.0,702654.9,7453289.31
49.0,598997.35,103657.55,0.0,702654.9,6854291.96
50.0,607316.3,95338.6,0.0,702654.9,6246975.65
51.0,566160.47,86902.64,0.0,653063.1,5680815.18
52.0,557427.72,79034.02,0.0,636461.75,5123387.46
53.0,541744.76,71284.9,0.0,613029.66,4581642.7
54.0,522994.81,63749.62,0.0,586744.43,4058647.89
55.0,496159.43,56466.69,0.0,552626.13,3562488.45
56.0,471408.71,49562.43,0.0,520971.14,3091079.74
57.0,444633.87,42998.82,0.0,487632.69,2646445.87
58.0,405383.42,36809.91,0.0,442193.33,2241062.45
59.0,367848.94,31172.98,0.0,399021.92,1873213.52
60.0,334917.13,26065.58,0.0,360982.71,1538296.39
61.0,289788.17,21407.2,0.0,311195.36,1248508.22
62.0,245471.7,17378.53,0.0,262850.23,1003036.52
63.0,207367.54,13964.06,0.0,221331.61,795668.98
64.0,182193.23,11085.68,0.0,193278.91,613475.75
65.0,147422.97,8551.48,0.0,155974.45,466052.78
66.0,126179.28,6500.25,0.0,132679.53,339873.49
67.0,104595.47,4747.81,0.0,109343.28,235278.02
68.0,85019.42,3292.1,0.0,88311.52,150258.6
69.0,62367.67,2099.15,0.0,64466.82,87890.93
70.0,52555.88,1228.04,0.0,53783.92,35335.05
71.0,35335.05,491.72,0.0,35826.77,-0.0
72.0,0.0,0.0,0.0,0.0,0.0
