Period,A_interestDue,A_interestPaid,A_interetShort,A_principalPaid,A_balance,B_interestDue,B_interestPaid,B_interetShort,B_principalPaid,B_balance
1.0,94514.58,94514.58,0.0,309835.8,22683499.45,37805.83,37805.83,0.0,0.0,5670874.86
2.0,93223.6,93223.6,0.0,314102.56,22373663.66,37805.83,37805.83,0.0,0.0,5670874.86
3.0,91914.84,91914.84,0.0,318428.86,22059561.09,37805.83,37805.83,0.0,0.0,5670874.86
4.0,90588.05,90588.05,0.0,322815.51,21741132.24,37805.83,37805.83,0.0,0.0,5670874.86
5.0,89242.99,89242.99,0.0,327263.39,21418316.72,37805.83,37805.83,0.0,0.0,5670874.86
6.0,87879.39,87879.39,0.0,331773.34,21091053.34,37805.83,37805.83,0.0,0.0,5670874.86
7.0,86497.0,86497.0,0.0,336346.26,20759279.99,37805.83,37805.83,0.0,0.0,5670874.86
8.0,85095.56,85095.56,0.0,340983.03,20422933.73,37805.83,37805.83,0.0,0.0,5670874.86
9.0,83674.79,83674.79,0.0,345684.55,20081950.71,37805.83,37805.83,0.0,0.0,5670874.86
10.0,82234.44,82234.44,0.0,350451.74,19736266.16,37805.83,37805.83,0.0,0.0,5670874.86
11.0,80774.23,80774.23,0.0,355285.52,19385814.42,37805.83,37805.83,0.0,0.0,5670874.86
12.0,79293.87,79293.87,0.0,360186.84,19030528.9,37805.83,37805.83,0.0,0.0,5670874.86
13.0,77793.09,77793.09,0.0,365156.66,18670342.06,37805.83,37805.83,0.0,0.0,5670874.86
14.0,76271.61,76271.61,0.0,370195.95,18305185.39,37805.83,37805.83,0.0,0.0,5670874.86
15.0,74729.12,74729.12,0.0,375305.68,17934989.45,37805.83,37805.83,0.0,0.0,5670874.86
16.0,73165.35,73165.35,0.0,380486.85,17559683.77,37805.83,37805.83,0.0,0.0,5670874.86
17.0,71579.99,71579.99,0.0,385740.48,17179196.92,37805.83,37805.83,0.0,0.0,5670874.86
18.0,69972.74,69972.74,0.0,391067.59,16793456.44,37805.83,37805.83,0.0,0.0,5670874.86
19.0,68343.29,68343.29,0.0,396469.22,16402388.86,37805.83,37805.83,0.0,0.0,5670874.86
20.0,66691.33,66691.33,0.0,401946.43,16005919.64,37805.83,37805.83,0.0,0.0,5670874.86
21.0,65016.56,65016.56,0.0,407500.29,15603973.21,37805.83,37805.83,0.0,0.0,5670874.86
22.0,63318.64,63318.64,0.0,413131.88,15196472.92,37805.83,37805.83,0.0,0.0,5670874.86
23.0,61597.25,61597.25,0.0,418842.3,14783341.04,37805.83,37805.83,0.0,0.0,5670874.86
24.0,59852.08,59852.08,0.0,424632.68,14364498.74,37805.83,37805.83,0.0,0.0,5670874.86
25.0,58082.78,58082.78,0.0,430504.15,13939866.05,37805.83,37805.83,0.0,0.0,5670874.86
26.0,56289.01,56289.01,0.0,436457.85,13509361.91,37805.83,37805.83,0.0,0.0,5670874.86
27.0,54470.43,54470.43,0.0,442494.95,13072904.05,37805.83,37805.83,0.0,0.0,5670874.86
28.0,52626.7,52626.7,0.0,448616.64,12630409.1,37805.83,37805.83,0.0,0.0,5670874.86
29.0,50757.47,50757.47,0.0,454824.12,12181792.46,37805.83,37805.83,0.0,0.0,5670874.86
30.0,48862.37,48862.37,0.0,461118.59,11726968.34,37805.83,37805.83,0.0,0.0,5670874.86
31.0,46941.04,46941.04,0.0,467501.3,11265849.75,37805.83,37805.83,0.0,0.0,5670874.86
32.0,44993.12,44993.12,0.0,473973.5,10798348.45,37805.83,37805.83,0.0,0.0,5670874.86
33.0,43018.23,43018.23,0.0,480536.46,10324374.95,37805.83,37805.83,0.0,0.0,5670874.86
34.0,41015.99,41015.99,0.0,487191.46,9843838.5,37805.83,37805.83,0.0,0.0,5670874.86
35.0,38986.03,38986.03,0.0,493939.82,9356647.03,37805.83,37805.83,0.0,0.0,5670874.86
36.0,36927.95,36927.95,0.0,500782.86,8862707.21,37805.83,37805.83,0.0,0.0,5670874.86
37.0,34841.35,34841.35,0.0,507721.92,8361924.35,37805.83,37805.83,0.0,0.0,5670874.86
38.0,32725.84,32725.84,0.0,514758.38,7854202.43,37805.83,37805.83,0.0,0.0,5670874.86
39.0,30581.02,30581.02,0.0,521893.6,7339444.05,37805.83,37805.83,0.0,0.0,5670874.86
40.0,28406.46,28406.46,0.0,529129.0,6817550.46,37805.83,37805.83,0.0,0.0,5670874.86
41.0,26201.76,26201.76,0.0,536466.0,6288421.45,37805.83,37805.83,0.0,0.0,5670874.86
42.0,23966.48,23966.48,0.0,543906.05,5751955.45,37805.83,37805.83,0.0,0.0,5670874.86
43.0,21700.21,21700.21,0.0,551450.6,5208049.41,37805.83,37805.83,0.0,0.0,5670874.86
44.0,19402.5,19402.5,0.0,559101.15,4656598.81,37805.83,37805.83,0.0,0.0,5670874.86
45.0,17072.91,17072.91,0.0,566859.2,4097497.66,37805.83,37805.83,0.0,0.0,5670874.86
46.0,14710.99,14710.99,0.0,574726.29,3530638.46,37805.83,37805.83,0.0,0.0,5670874.86
47.0,12316.3,12316.3,0.0,582703.95,2955912.17,37805.83,37805.83,0.0,0.0,5670874.86
48.0,9888.37,9888.37,0.0,590793.78,2373208.22,37805.83,37805.83,0.0,0.0,5670874.86
49.0,7426.73,7426.73,0.0,598997.35,1782414.45,37805.83,37805.83,0.0,0.0,5670874.86
50.0,4930.9,4930.9,0.0,607316.3,1183417.09,37805.83,37805.83,0.0,0.0,5670874.86
51.0,2400.42,2400.42,0.0,566160.47,576100.79,37805.83,37805.83,0.0,0.0,5670874.86
52.0,41.42,41.42,0.0,9940.32,9940.32,37805.83,37805.83,0.0,547487.4,5670874.86
53.0,-0.0,-0.0,0.0,-0.0,-0.0,34155.92,34155.92,0.0,541744.76,5123387.46
54.0,-0.0,-0.0,0.0,-0.0,-0.0,30544.28,30544.28,0.0,522994.81,4581642.7
55.0,-0.0,-0.0,0.0,-0.0,-0.0,27057.65,27057.65,0.0,496159.43,4058647.89
56.0,-0.0,-0.0,0.0,-0.0,-0.0,23749.92,23749.92,0.0,471408.71,3562488.45
57.0,-0.0,-0.0,0.0,-0.0,-0.0,20607.2,20607.2,0.0,444633.87,3091079.74
58.0,-0.0,-0.0,0.0,-0.0,-0.0,17642.97,17642.97,0.0,405383.42,2646445.87
59.0,-0.0,-0.0,0.0,-0.0,-0.0,14940.42,14940.42,0.0,367848.94,2241062.45
60.0,-0.0,-0.0,0.0,-0.0,-0.0,12488.09,12488.09,0.0,334917.13,1873213.52
61.0,-0.0,-0.0,0.0,-0.0,-0.0,10255.31,10255.31,0.0,289788.17,1538296.39
62.0,-0.0,-0.0,0.0,-0.0,-0.0,8323.39,8323.39,0.0,245471.7,1248508.22
63.0,-0.0,-0.0,0.0,-0.0,-0.0,6686.91,6686.91,0.0,207367.54,1003036.52
64.0,-0.0,-0.0,0.0,-0.0,-0.0,5304.46,5304.46,0.0,182193.23,795668.98
65.0,-0.0,-0.0,0.0,-0.0,-0.0,4089.84,4089.84,0.0,147422.97,613475.75
66.0,-0.0,-0.0,0.0,-0.0,-0.0,3107.02,3107.02,0.0,126179.28,466052.78
67.0,-0.0,-0.0,0.0,-0.0,-0.0,2265.82,2265.82,0.0,104595.47,339873.49
68.0,-0.0,-0.0,0.0,-0.0,-0.0,1568.52,1568.52,0.0,85019.42,235278.02
69.0,-0.0,-0.0,0.0,-0.0,-0.0,1001.72,1001.72,0.0,62367.67,150258.6
70.0,-0.0,-0.0,0.0,-0.0,-0.0,585.94,585.94,0.0,52555.88,87890.93
71.0,-0.0,-0.0,0.0,-0.0,-0.0,235.57,235.57,0.0,35335.05,35335.05
72.0,-0.0,-0.0,0.0,-0.0,-0.0,0.0,0.0,0.0,0.0,0.0
