Period,Principal,Interest,Recoveries,Total,Balance
0,309835.797266,392819.107159,0,702654.904425,28044538.5205
1,314102.564828,388552.339597,0,702654.904425,27730435.9557
2,318428.85637,384226.048055,0,702654.904425,27412007.0993
3,322815.512722,379839.391703,0,702654.904425,27089191.5866
4,327263.386738,375391.517687,0,702654.904425,26761928.1998
5,331773.343462,370881.560963,0,702654.904425,26430154.8564
6,336346.26031,366308.644114,0,702654.904425,26093808.5961
7,340983.027249,361671.877176,0,702654.904425,25752825.5688
8,345684.546974,356970.35745,0,702654.904425,25407141.0218
9,350451.735097,352203.169328,0,702654.904425,25056689.2867
10,355285.52033,347369.384094,0,702654.904425,24701403.7664
11,360186.844679,342468.059746,0,702654.904425,24341216.9217
12,365156.663631,337498.240794,0,702654.904425,23976060.2581
13,370195.946354,332458.958071,0,702654.904425,23605864.3117
14,375305.675893,327349.228532,0,702654.904425,23230558.6358
15,380486.84937,322168.055055,0,702654.904425,22850071.7865
16,385740.47819,316914.426235,0,702654.904425,22464331.3083
17,391067.588246,311587.316179,0,702654.904425,22073263.72
18,396469.220131,306185.684294,0,702654.904425,21676794.4999
19,401946.429347,300708.475077,0,702654.904425,21274848.0706
20,407500.286528,295154.617897,0,702654.904425,20867347.784
21,413131.877651,289523.026773,0,702654.904425,20454215.9064
22,418842.304265,283812.600159,0,702654.904425,20035373.6021
23,424632.683714,278022.220711,0,702654.904425,19610740.9184
24,430504.149364,272150.75506,0,702654.904425,19180236.769
25,436457.850842,266197.053583,0,702654.904425,18743778.9182
26,442494.954263,260159.950162,0,702654.904425,18301283.9639
27,448616.642477,254038.261948,0,702654.904425,17852667.3215
28,454824.115307,247830.789118,0,702654.904425,17397843.2061
29,461118.589797,241536.314627,0,702654.904425,16936724.6164
30,467501.300463,235153.603962,0,702654.904425,16469223.3159
31,473973.499543,228681.404881,0,702654.904425,15995249.8163
32,480536.45726,222118.447165,0,702654.904425,15514713.3591
33,487191.462076,215463.442349,0,702654.904425,15027521.897
34,493939.820964,208715.083461,0,702654.904425,14533582.076
35,500782.859672,201872.044753,0,702654.904425,14032799.2164
36,507721.922997,194932.981427,0,702654.904425,13525077.2934
37,514758.375065,187896.52936,0,702654.904425,13010318.9183
38,521893.599604,180761.304821,0,702654.904425,12488425.3187
39,529129.000238,173525.904186,0,702654.904425,11959296.3185
40,536466.000771,166188.903654,0,702654.904425,11422830.3177
41,543906.045481,158748.858944,0,702654.904425,10878924.2722
42,551450.599417,151204.305008,0,702654.904425,10327473.6728
43,559101.148704,143553.75572,0,702654.904425,9768372.5241
44,566859.200848,135795.703577,0,702654.904425,9201513.32325
45,574726.285045,127928.61938,0,702654.904425,8626787.0382
46,582703.952499,119950.951926,0,702654.904425,8044083.08571
47,590793.776742,111861.127683,0,702654.904425,7453289.30896
48,598997.353957,103657.550468,0,702654.904425,6854291.95501
49,607316.303312,95338.6011132,0,702654.904425,6246975.6517
50,566160.467052,86902.637137,0,653063.104189,5680815.18464
51,557427.722376,79034.0235768,0,636461.745953,5123387.46227
52,541744.762242,71284.9026954,0,613029.664937,4581642.70003
53,522994.812553,63749.6207222,0,586744.433275,4058647.88747
54,496159.434214,56466.6932966,0,552626.12751,3562488.45326
55,471408.710038,49562.4290063,0,520971.139044,3091079.74322
56,444633.87106,42998.8151939,0,487632.686253,2646445.87216
57,405383.417502,36809.9089293,0,442193.326431,2241062.45466
58,367848.935766,31172.9812531,0,399021.917019,1873213.51889
59,334917.129862,26065.5795694,0,360982.709431,1538296.38903
60,289788.167661,21407.1969188,0,311195.36458,1248508.22137
61,245471.698441,17378.5293998,0,262850.227841,1003036.52293
62,207367.542884,13964.064468,0,221331.607352,795668.980045
63,182193.23149,11085.68141,0,193278.9129,613475.748555
64,147422.973525,8551.48016393,0,155974.453689,466052.77503
65,126179.283601,6500.24838097,0,132679.531982,339873.491429
66,104595.472024,4747.80824496,0,109343.280269,235278.019405
67,85019.415992,3292.10471492,0,88311.5207069,150258.603413
68,62367.671997,2099.14638526,0,64466.8183822,87890.9314159
69,52555.8808466,1228.04135397,0,53783.9222006,35335.0505693
70,35335.0505693,491.721966049,0,35826.7725354,-9.03327190827e-10
71,0,0,0,0,0
